0.00479228
-0.0126743
-0.0154539
-0.00118241
0.0146041
-0.00900506
-0.0160711
-0.00442423
0.0140443
0.0117754
-0.0157549
-0.0239774
-0.0159603
-0.00174316
-0.00918772
-0.0125128
0.00120282
0.0262764
-0.00469604
-0.0165495
-0.0177679
0.00296263
0.0156115
-0.00375372
-0.0160659
-0.00705032
0.00819642
0.00164116
-0.0187007
-0.0183725
-0.0104206
0.0132399
-0.00306538
-0.0144445
-0.00350737
0.016777
0.00262826
-0.0167722
-0.0207742
-0.0132005
0.00390714
0.00520499
-0.00533392
-0.00152037
0.0177146
-0.00683497
-0.0127189
-0.0145339
-0.00764269
0.0120127
0.0101617
-0.00551913
-0.00157736
0.00191303
-0.00349688
-0.0185402
-0.0209492
-0.00812925
0.0139229
0.00512473
-0.00997405
-0.00194261
0.00952662
-0.0128981
-0.0197052
-0.0221601
-0.00281306
0.0178061
0.0113595
-0.0117638
-0.00397115
-0.00199527
-0.00372773
-0.0116698
-0.016986
0.00159378
0.0183921
-0.00548215
-0.014778
-0.0106287
0.000336543
0.00240724
-0.010773
-0.0200345
-0.0139675
0.0101343
-0.0104818
-0.0152827
-0.0083923
0.00514463
0.00329968
-0.00783231
-0.0164577
0.00491733
0.0199281
-0.00145139
-0.012872
-0.0060178
0.00775145
0.00957305
-0.00891325
-0.0193523
-0.0125824
0.0107808
-0.00966776
-0.0173804
-0.00468068
0.0164015
0.00193245
-0.0138702
-0.020087
-0.00963897
0.0121631
-0.000627288
-0.0110896
-0.00441959
0.00858768
-0.010645
-0.0195178
-0.022108
-0.00716351
0.0196191
0.00973667
-0.0135549
-0.00744195
-0.00219812
0.00987822
-0.0106161
-0.0180142
-0.0107183
0.00592953
-0.00368846
-0.013157
-0.00314533
0.0151151
-0.00576643
-0.0171821
-0.0193091
-0.00542893
0.0195694
0.00410596
-0.0148517
-0.00907034
0.000465962
-0.00189189
-0.0124785
-0.0176104
-0.00513577
0.017611
0.00420655
-0.00950571
-0.00187239
0.00728052
0.00685671
-0.0155885
-0.0219054
-0.0186989
0.0068559
-0.00218612
-0.0136821
0.000733212
0.0179644
0.00114987
-0.00974561
-0.0145535
-0.00798795
0.0105576
0.00263486
-0.00335491
0.00360018
0.0106312
0.00474839
-0.0141987
-0.0128906
-0.014973
0.00694927
-0.000949968
-0.0135506
0.00275647
0.0170516
0.0105748
-0.0132018
-0.0188445
-0.0163696
0.000321789
-0.00200586
-0.0130408
0.00169563
0.0199965
-0.00520909
-0.0168408
-0.0173796
-0.00909088
0.0150181
0.00250351
-0.0122866
-0.00578948
0.00619314
0.0112163
-0.011905
-0.0132938
-0.00795455
0.00645069
-0.00421653
-0.0153359
0.000717883
0.0186598
-0.00261381
-0.0178841
-0.0186745
-0.00221965
0.0168895
0.00165916
-0.016426
-0.00761552
0.00263074
-0.00042729
-0.00477414
-0.0064534
-0.0075408
0.0122911
0.000180986
-0.000663931
0.00365237
0.0059679
0.00496364
-0.0099273
-0.0105791
-0.0112166
0.0113539
-0.0041346
-0.00880396
0.0057076
0.0144661
-0.000255072
-0.00901378
-0.00745663
-0.00451133
0.00976903
-0.00465944
-0.0040589
0.000627008
0.00441724
0.00163762
-0.0126875
-0.0164186
-0.00897825
0.00895976
-0.00634515
-0.00739749
0.000825979
0.00916802
0.0101271
-0.00842239
-0.0128478
-0.00627968
0.0113339
-0.00396268
-0.00989318
0.00665043
0.0197692
-0.00564717
-0.0136097
-0.0171497
-0.00182728
0.0245103
0.000142132
-0.0149665
-0.00384722
-0.000120461
-0.00179435
-0.0112684
-0.0162965
-0.00522799
0.0143338
0.00380357
-0.000173256
0.00347843
0.00840274
-0.0126431
-0.0124
-0.0161036
0.00103328
0.0248566
0.00585976
-0.0134382
-0.00515851
-0.00963114
0.00447458
-0.00878602
-0.0072539
-0.000814022
0.0128229
-0.00716696
-0.0055634
-0.000705388
0.00604539
0.00792294
-0.00896541
-0.0132872
-0.00843571
0.00657647
-0.00289815
-0.00254837
-0.00184784
0.00843561
0.00629431
-0.00374528
-0.00651254
0.00862394
0.0109022
-0.00530955
-0.00682258
-0.00401235
0.00880476
0.0135901
-0.00396747
-0.0148214
-0.00991219
0.00360621
-0.0103834
-0.010573
-0.00374025
0.0153194
0.000921753
-0.00865914
-0.0139365
-0.00350352
0.0107888
0.00653088
0.000749088
-0.00375649
0.000911941
-0.011228
-0.0105577
-0.0118709
0.00387604
0.0195566
0.00493697
-0.0106681
-0.00809318
-0.00979414
0.0117359
-0.0032935
-0.0124076
-0.00256785
0.00548487
-0.00469973
-0.00969177
-0.00651965
0.0127516
0.000149155
-0.00986218
-0.0109705
0.00557497
0.0164802
0.00063564
-0.00881555
-0.0119574
0.00276067
0.0033534
-0.00704089
-0.00773943
0.00602896
0.00917821
-0.00370234
-0.00577334
-0.00404189
0.00380016
0.0137637
-0.00517471
-0.0183663
-0.0121176
0.00159368
-0.00613423
-0.0110366
-0.00578063
0.0141464
0.00460223
-0.00201158
-0.00686167
0.00171245
0.0122465
-0.00170956
-0.00799038
-0.0054229
0.00395627
0.00672366
-0.00588041
-0.017305
-0.00849239
0.00104037
-0.00926447
-0.0117974
-0.00673392
0.0115039
0.0133252
-0.00176964
-0.0140787
-0.00705273
0.00250482
-0.00458536
-0.0114358
-0.00651292
0.0159453
-0.00251663
-0.0109293
-0.0129066
-0.00126102
0.0186608
0.00371493
-0.0074833
-0.0107166
0.00116781
0.00749366
-0.00854074
-0.0165011
-0.00455265
0.00463619
-0.000175442
-0.0094639
-0.00769894
0.008848
-0.00949049
-0.0180063
-0.017534
-0.00381187
0.0157699
0.00781128
-0.0124286
-0.0129491
-0.00586555
0.00796237
-0.00238269
-0.0074521
-0.00161984
0.0117647
-0.00094211
-0.00539703
-0.00327654
0.00645101
0.0122414
-0.00612563
-0.0156029
-0.0104937
-0.00204366
-0.0102353
-0.0137208
-0.00841106
0.0117373
0.00240804
-0.00998797
-0.0147684
0.00326107
0.0106353
0.0026422
-0.00514137
0.000358885
0.0046081
0.00839354
-0.00868008
-0.0155233
-0.00822731
0.00312851
-0.00656894
-0.0147933
-0.00565101
0.00748841
0.0115777
-0.0105267
-0.0128057
-0.00400132
0.00378184
0.00252489
-0.00902562
-0.00810672
0.0110161
-0.00067618
-0.0185815
-0.0163352
-0.0048477
0.0132441
0.00980394
-0.014262
-0.0129281
0.000889769
0.00864766
-0.0100689
-0.0106099
-0.00372327
0.00559903
-0.00264708
-0.0112073
-0.00955919
0.00843873
-0.00457246
-0.0165994
-0.0123906
-0.00468907
0.0135518
0.00725043
-0.0107167
-0.01249
-0.00294978
-0.000515165
-0.00571061
-0.0117395
0.00612291
0.0152325
0.00769293
-0.00799461
-0.00521006
-0.00227977
0.00627406
-0.00649963
-0.0182939
-0.0102663
0.00388967
-0.00323354
-0.016192
-0.00629465
0.00379613
0.00459701
0.00139177
-0.00611567
0.00390682
0.0127663
0.00818536
-0.00302783
-0.00818702
-0.00298377
0.0112974
-0.00240753
-0.0153903
-0.00794208
-0.00176854
-0.00292402
-0.0126903
-0.0127022
0.00325976
0.00491187
-0.00747794
-0.0112078
-0.00711395
0.00252564
0.000640735
-0.0118035
-0.00610147
0.00526388
-0.00258263
-0.0162058
-0.0148436
-0.00731418
0.0081102
0.00863486
-0.0067982
-0.00930841
-0.00177779
0.0154922
-0.00364491
-0.0128517
-0.00110113
-0.00195266
-0.00495523
-0.0116185
-0.00767199
0.0107365
0.00370996
-0.0112051
-0.014404
-0.002527
0.00788944
-0.000168157
-0.00798123
-0.00320951
0.00314588
0.00830586
0.00164247
-0.00665802
-0.00145369
0.0113772
0.00235349
-0.00303156
-0.00421736
0.00284477
0.0177271
0.000884076
-0.00825326
-0.00845142
-0.000274567
-0.00864283
-0.011239
-0.00837927
0.011191
0.000212176
-0.00500614
-0.00762463
-0.00431858
0.00971908
0.00112393
-0.00641466
-0.00628818
-0.00258453
0.011706
-0.00183117
-0.00922723
-0.00998079
-0.00233225
-0.0097404
-0.00958499
-0.00731855
0.00557032
0.0166616
-0.000435982
-0.00640151
-0.000172336
-0.000909809
-0.00193617
-0.00663377
-0.0040436
0.0148742
0.00373709
-0.00782459
-0.0148981
-0.00176135
0.00877468
0.00231539
-0.00546997
-0.00508641
0.00511236
0.0110571
-0.00419859
-0.0123481
-0.00792828
-0.00362214
-0.00189949
0.000844604
-0.0046746
0.00829244
-0.00494327
-0.0119557
-0.013917
-0.00383844
0.0122025
0.00532131
-0.00586123
-0.00923763
-0.00279112
0.0012179
-0.00954289
-0.00982252
-0.00136897
0.0195618
0.00902526
-0.00598871
-0.00293648
-0.000114561
0.0159262
-0.00797777
-0.0130454
-0.0126498
0.00298136
-0.00668184
-0.00910801
-0.00455631
0.00891714
-0.00313276
-0.0134966
-0.0146754
-0.00384126
0.0198163
0.0157315
-0.00931844
-0.00628645
-0.00562885
0.0120568
-0.0101542
-0.0164615
-0.0111783
0.00888518
-0.00467868
-0.0142068
-0.00357185
0.0104257
0.0157009
-0.00477259
-0.0104879
-0.0110332
0.000104249
0.00252612
-0.00290642
-0.00271662
0.0107584
0.000846346
-0.0109731
-0.0148903
-0.00953757
0.016671
0.0077687
-0.0056997
-0.00499658
0.000329353
0.0157006
-0.00175718
-0.0112518
-0.0121765
0.000690244
-0.00270181
-0.00939651
0.000736115
0.0147866
-0.00443105
-0.00737746
-0.0136394
-0.00694735
0.0151005
0.00200752
-0.00846886
-0.00329517
-0.000353097
-0.00543558
-0.0105652
-0.0132666
0.00175591
0.0230974
0.0120637
-0.012381
-0.0100281
-0.00638896
0.0101071
-0.00601857
-0.0155654
-0.0115595
0.0122408
-0.00203564
-0.0129423
-0.00410249
0.0105556
0.000293397
-0.00937225
-0.0150286
-0.0080657
0.0217578
0.00926385
-0.0107057
-0.00796594
-0.00126986
0.0108244
-0.00591637
-0.020283
-0.0161165
0.00633533
-0.00228444
-0.0150555
-0.00382879
0.0128499
0.0140478
0.00129983
-0.00880675
-0.00981447
0.00485817
-0.00240043
-0.00789229
0.00137923
0.0141157
-0.00573036
-0.00531062
-0.0100067
-0.00600715
0.0122302
-0.00491806
-0.00980713
-0.00356755
-0.000541315
0.0150511
0.000678507
-0.00940657
-0.0073006
0.00472028
-0.00367316
-0.0100803
0.000150145
0.0149548
-0.00143167
-0.00142888
-0.00615588
-0.00369143
0.0102518
-0.00530729
-0.013289
-0.00655303
0.00273255
0.00267128
-0.00411042
-0.0126515
-0.0106979
0.0218337
0.00967828
-0.00998401
-0.00834436
-0.00829564
0.0158832
-0.00109245
-0.0162454
-0.0138341
0.0105185
0.00482008
-0.0113644
-0.00473301
0.00559555
-0.000871498
-0.00635014
-0.0133026
-0.00682134
0.0230266
0.00723905
-0.0151466
-0.0200889
-0.0108216
0.0141937
-0.00152302
-0.0168903
-0.0119265
0.0144437
-3.87929e-05
-0.0175354
-0.0186929
0.00301523
0.0180893
-0.00244617
-0.0114175
-0.00834183
0.00732702
0.00020651
-0.0105178
-0.00438661
0.00809649
0.00543162
-0.00456276
-0.011498
-0.00544036
0.00769339
0.00288776
-0.00794473
-0.00812991
0.00218001
0.0224039
-0.00190383
-0.0185862
-0.0122267
0.00273906
-0.00438706
-0.0141714
-0.0172149
0.0115314
0.00701466
-0.00527155
-0.0172737
-0.00778895
0.00489631
0.000320464
-0.00967495
-0.0146244
0.0045924
-0.00754901
-0.0129319
-0.0169561
-0.00851358
0.0282977
0.00953009
-0.0108622
-0.0131527
-0.0059001
0.00833639
-0.00729235
-0.0198504
-0.0127474
0.0195766
-0.00415941
-0.0170476
-0.0179902
0.00174805
-0.00726419
-0.0138721
-0.0188748
-0.0134966
0.0233412
0.0107127
-0.00821728
-0.00793284
-0.0102159
0.0122732
-0.0107759
-0.0193448
-0.0111311
0.0233142
0.00419407
-0.0111984
-0.0130647
0.00355311
0.0150067
-0.00201058
-0.0161658
-0.00878696
0.00915722
-0.00483969
-0.0157176
-0.0155239
0.00551221
-0.000587828
-0.00488805
-0.0189657
-0.00202573
0.0124437
0.00320235
-0.00783663
-0.0116159
-0.00203045
0.0202439
-0.00559131
-0.0149927
-0.00609212
0.0110462
-0.00817291
-0.0156308
-0.0130255
0.00539581
0.00719129
-0.00771164
-0.0159833
0.00456026
0.012524
-0.000917902
-0.0144559
-0.0112037
-0.00527885
0.819114
